738
9656
4189
2059
9798
4189
7242
8520
2840
2627
2911
9656
2485
9656
2343
5751
1846
2627
4544
2343
8875
4686
355
852
7952
9656
142
3124
5254
2982
2343
6390
8094
7810
8875
4544
2272
284
6603
7384
2556
994
5112
923
6319
7455
7526
8591
7881
8946
9159
3550
6461
142
3692
1988
8875
568
3408
355
5538
7455
2627
8023
4544
9514
5396
852
7242
2201
7597
1278
7952
6461
4047
7881
9656
9869
5112
5041
6177
71
355
3550
5893
2911
7100
1704
9656
6674
6390
6887
1207
8733
5751
6177
4828
9727
1278
9088
5538
4331
5325
9656
8449
3905
1349
7597
3195
7242
9869
1349
4047
9656
710
2911
1278
8733
4757
7881
4899
1420
710
6461
3124
2627
1704
5396
2130
1349
4615
9869
7100
3408
6674
5680
2556
4686
923
3053
9443
1775
426
9940
9798
9017
1491
7668
2343
5751
213
8165
7810
4402
4402
9159
1704
1775
8023
3976
6674
2698
3763
7952
4828
4331
9443
5538
2059
2201
142
8023
1278
6106
8094
5041
284
3692
6035
7881
4970
9727
4402
639
1349
3195
6319
8662
1207
4828
6177
5396
3124
6461
5467
639
142
5041
8378
497
3763
7526
8662
2272
3053
5396
6603
1633
2414
7526
2343
1136
7029
5467
355
3621
8165
4757
2130
1633
5112
5183
9088
568
2769
9230
1278
7952
5396
8307
355
8733
6106
2698
4828
4899
710
7455
2627
710
8875
7597
1633
8165
7810
7384
1420
4615
6461
5112
9798
4686
2840
8733
426
5325
6248
3195
3337
3408
8733
1562
9869
9798
6603
3266
9585
1136
2059
8094
1136
2698
2982
6816
4544
9301
3976
9372
213
284
5041
8946
5680
9301
8094
2130
3905
9585
6390
7597
6816
8449
6674
6816
710
3479
923
8946
6532
8804
3124
7100
9940
6390
5893
4473
9258
2414
7384
6106
426
6745
3834
3053
5396
1988
8307
9301
3408
8449
7384
9514
6958
5467
1704
6887
4970
8165
3408
5396
6887
4260
6035
8946
426
8662
3124
852
5254
7881
4544
4899
5112
9656
284
3337
923
2130
4615
3550
1420
7668
5822
923
6461
3905
1491
2485
7313
1207
6525
8520
4899
2130
9301
2556
3408
2769
2201
5112
2982
923
2201
5680
7810
4047
9940
8662
4828
9372
1846
4615
6035
3124
3550
4970
5680
9301
1207
9585
9017
781
2627
5396
4757
2130
284
4970
1562
3053
4189
1
9585
9869
9798
9940
9869
9798
9798
9869
9585
9727
9940
9656
9869
9798
9798
9940
9656
9727
9798
9798
9869
9940
9656
9585
9798
9727
9585
9869
9940
9798
9727
9727
9869
9869
9727
9727
9585
9656
9656
9656
9656
9656
9798
9798
9869
9869
9727
9869
9727
9727
9656
9727
9940
9940
9940
9656
9869
9656
9656
9869
9656
9798
9940
9585
9940
9798
9940
9585
9727
9585
9585
9585
9727
9727
9656
9656
9727
9798
9727
9869
9798
9869
9727
9656
9869
9798
9656
9869
9656
9727
9869
9727
9798
9727
9656
9727
9798
9727
9585
9727
9869
9727
9656
9656
9940
9585
9585
9940
9798
9798
9869
9656
9798
9798
9585
9869
9869
9869
9798
9869
9656
9656
9656
9656
9869
9940
9798
9869
9940
9869
9940
9727
9798
9585
9798
9727
9940
9869
9656
9656
9656
9727
9798
9940
9869
9940
9727
9940
9656
9869
9727
9798
9869
9656
9727
9727
9940
3479
71
1
8733
9443
9230
9017
9017
9159
9869
9798
9869
8733
9869
8733
9443
8804
9301
9443
8378
8662
9372
8307
8307
9159
9869
9940
9159
9443
8733
8875
8733
8520
9940
8875
8307
8378
9017
9443
9798
9585
9088
9301
9798
9230
9940
8946
9940
9585
8946
9017
9727
8520
8662
9869
9798
9869
8804
8449
8378
9585
9940
9088
8591
8449
9301
9443
9372
9940
9017
8591
9940
8662
8733
9585
9088
9159
8449
8520
9159
9443
9869
9372
8591
9443
9088
9514
8804
8449
9159
9727
8449
8307
8733
9159
8662
8804
8946
8591
9017
8520
9301
9159
9372
8946
8307
8733
9230
9230
9088
9656
8520
9017
9727
8662
8804
9301
8378
9230
9017
8449
9230
9159
9656
8733
8307
8307
8520
9159
9585
9230
8875
8520
9514
8733
9230
9940
8875
9798
9869
9727
9798
8804
8875
8591
8662
8875
9159
9159
9372
8520
9940
9585
8520
9869
9585
9585
9088
9017
9230
9656
9088
8449
8733
8946
9798
8875
8378
9656
9585
9230
4189
71
142
284
71
71
142
71
71
