2000 14000 54
51
86
35
36
98
64
72
18
72
94
80
16
71
29
74
71
20
15
82
7
31
62
88
14
30
63
24
47
71
30
68
52
19
62
93
32
50
12
77
30
15
27
99
38
72
73
19
86
7
93
36
18
21
11
26
28
99
16
38
83
7
91
20
70
84
75
95
20
56
17
94
31
68
100
19
37
28
41
90
10
60
69
56
57
83
76
40
9
14
54
29
77
54
97
21
73
87
86
66
55
32
15
44
45
13
69
90
16
71
73
91
66
91
29
52
28
11
61
28
81
53
23
63
10
57
55
97
9
38
30
61
34
64
59
45
61
50
38
51
9
89
55
63
72
91
99
65
15
78
40
75
78
87
15
22
80
54
29
62
28
46
85
78
74
100
75
49
23
52
88
55
83
18
88
39
66
46
30
50
77
89
14
82
80
65
65
10
48
75
33
66
83
60
41
78
69
56
9
28
41
35
86
70
41
96
12
9
62
9
33
36
18
90
51
97
15
85
7
25
98
65
81
9
12
90
16
95
42
69
96
69
55
16
85
81
44
57
19
13
9
13
44
5
17
40
85
39
28
92
82
67
99
7
75
17
89
92
32
82
56
25
78
87
73
73
44
69
82
78
94
60
55
30
67
92
36
18
30
58
5
92
60
67
97
10
71
22
79
92
92
35
14
99
68
19
57
89
33
26
45
28
33
12
61
42
53
54
9
85
43
97
72
27
67
45
58
49
70
8
6
59
15
33
92
35
10
96
78
24
11
30
55
36
41
42
97
98
9
47
19
65
27
84
35
10
8
83
55
55
17
61
14
93
27
88
21
45
75
9
76
66
25
65
67
15
76
61
58
6
19
91
72
70
54
11
17
95
7
66
97
32
31
67
57
36
75
55
62
28
64
53
26
59
31
20
38
47
95
94
30
55
17
61
71
84
78
46
68
81
65
65
45
23
59
33
92
21
38
33
93
27
18
78
26
49
22
98
67
90
17
52
53
9
50
13
21
71
24
70
43
17
56
74
6
88
85
12
94
15
45
30
11
54
82
41
19
52
56
67
58
60
60
91
66
41
21
19
98
42
94
6
27
23
39
96
92
48
62
75
58
27
100
55
6
23
99
27
21
96
87
87
86
68
96
33
58
60
31
9
21
27
32
56
15
96
49
5
76
40
20
43
86
22
86
41
98
87
34
17
86
74
17
57
10
70
88
46
98
72
33
98
94
84
16
75
34
23
32
66
45
75
25
59
42
6
23
75
16
62
20
60
31
63
60
94
15
69
35
71
80
15
54
21
45
13
41
93
59
78
76
90
15
11
47
59
21
25
29
55
10
77
41
41
58
28
15
91
26
32
15
59
20
53
8
30
50
35
46
32
39
22
24
75
63
46
27
7
27
86
26
35
97
60
70
45
16
93
98
37
52
50
93
13
76
84
50
39
51
53
20
97
64
96
41
100
38
41
7
35
95
19
50
44
89
95
76
98
19
17
95
94
92
31
12
34
9
42
89
59
65
46
70
37
82
82
96
40
25
38
55
46
96
28
86
83
13
14
35
70
35
97
57
83
78
7
60
15
65
84
60
49
92
85
72
53
6
83
67
23
26
89
31
54
37
74
100
56
48
41
86
96
45
98
78
12
90
31
87
51
83
100
22
39
71
59
26
73
59
98
10
40
21
73
5
100
45
58
45
90
47
6
61
99
13
22
90
88
18
36
11
34
54
95
81
73
84
30
75
9
16
94
40
53
53
30
96
67
54
96
77
25
18
28
84
53
98
62
51
91
8
97
80
6
52
5
85
84
66
40
35
84
94
43
100
95
42
81
99
25
10
22
40
33
35
46
75
37
83
67
79
79
83
73
20
47
12
65
87
29
25
7
36
51
10
92
60
43
16
39
47
69
97
30
34
63
57
16
60
11
19
68
82
47
7
60
98
69
21
96
70
36
81
45
70
26
14
70
90
32
91
88
84
95
18
81
74
84
65
16
42
86
82
43
35
95
93
93
40
81
99
40
78
95
50
49
30
62
91
38
79
36
71
20
8
40
43
30
85
43
79
83
26
70
72
93
38
32
94
27
61
38
73
79
55
35
14
65
33
64
26
62
70
97
92
66
80
65
83
50
59
98
99
21
49
66
72
19
76
46
92
38
21
99
17
22
52
46
57
47
75
79
13
98
71
93
28
61
26
35
11
55
25
19
12
30
11
18
19
88
77
58
31
32
17
15
64
44
36
32
23
79
24
18
56
7
97
13
22
24
75
66
10
82
70
97
34
27
96
21
100
41
55
22
40
90
68
5
79
65
13
72
71
61
84
36
5
85
13
60
39
36
76
62
55
67
46
39
16
84
16
97
94
35
7
76
26
68
6
41
82
61
15
35
48
30
49
43
71
86
61
55
35
69
13
41
6
57
32
46
18
80
44
48
21
30
37
34
18
89
81
86
74
69
19
19
29
59
33
60
18
79
87
72
24
90
70
66
64
86
24
65
80
40
78
38
24
67
71
49
23
10
87
49
24
8
79
33
61
44
57
50
28
47
52
93
6
39
7
27
96
86
11
78
94
86
49
59
69
83
69
73
90
37
70
14
13
24
67
27
13
32
89
83
93
38
91
31
40
74
94
35
92
9
27
11
31
79
58
86
18
61
93
27
23
77
19
96
30
8
49
76
61
15
61
38
20
23
92
24
37
38
72
51
47
14
25
12
80
21
40
13
69
11
62
91
54
82
29
79
23
96
66
35
13
56
70
46
22
100
29
31
26
62
82
15
41
89
19
99
48
7
92
43
93
75
13
63
45
61
41
43
10
34
95
63
50
59
16
61
61
23
98
75
58
46
33
19
68
18
12
17
69
40
82
91
6
61
40
27
68
30
38
46
5
32
37
54
73
48
86
87
87
75
8
56
37
40
49
72
93
67
95
85
78
94
8
29
48
25
46
38
30
70
51
16
67
51
54
79
84
11
65
21
18
35
88
14
86
95
18
50
48
42
46
27
7
17
7
28
40
34
56
11
42
13
92
71
99
70
48
54
22
60
92
77
21
63
26
49
33
12
15
32
99
13
10
97
15
85
18
22
77
72
93
34
64
68
25
70
10
57
10
87
26
18
36
98
21
63
94
27
19
21
95
11
71
57
78
31
6
62
51
13
19
73
78
66
74
14
41
95
22
60
86
13
51
78
91
45
34
92
75
50
45
87
13
97
24
52
90
11
31
27
7
51
42
42
10
42
93
32
62
55
99
96
9
7
33
7
37
43
51
67
89
30
61
91
44
33
28
72
33
88
89
57
89
68
99
5
75
54
59
98
66
29
29
80
59
65
88
93
61
56
74
57
16
48
34
31
33
53
47
57
47
61
10
56
11
38
64
42
5
61
72
86
95
43
52
16
22
23
97
76
76
46
75
63
61
70
18
51
14
91
94
24
21
99
11
94
75
28
7
94
16
28
56
34
12
63
30
9
71
85
60
63
17
20
86
42
7
82
77
51
81
41
11
20
16
60
98
57
20
90
24
13
85
70
31
91
63
40
19
87
83
99
10
55
85
85
52
22
45
44
80
57
5
97
48
80
80
64
13
58
30
74
49
74
20
81
55
30
69
18
56
22
93
58
36
74
75
80
64
55
76
70
65
87
27
36
31
36
44
34
8
77
26
53
23
16
38
25
78
78
65
43
94
68
80
32
20
38
20
83
45
42
83
29
49
87
44
95
45
73
6
59
57
43
35
63
27
84
39
56
95
30
64
33
98
56
70
50
27
100
41
48
7
23
22
91
63
33
59
31
65
85
21
44
67
38
15
78
94
23
37
67
16
44
9
82
46
60
77
81
59
92
12
61
17
67
53
100
78
76
59
81
50
74
35
40
11
93
49
44
15
56
95
74
81
82
12
30
25
93
19
14
70
89
46
51
68
48
92
31
61
32
86
61
64
48
52
88
90
90
12
6
39
96
31
9
95
64
21
67
60
74
23
92
42
8
66
40
28
77
77
82
64
59
26
46
50
27
26
78
55
67
10
54
19
58
78
50
37
80
93
82
78
5
88
15
13
18
80
30
17
47
60
30
91
89
24
93
49
9
5
99
13
100
59
7
19
73
93
24
100
59
50
21
68
75
79
69
18
88
84
25
29
72
28
35
9
21
31
23
92
57
68
74
14
45
19
50
97
75
99
90
47
32
27
48
18
47
55
65
9
18
21
9
50
68
50
50
26
58
33
30
89
28
50
9
66
25
57
79
10
20
86
32
40
16
41
41
73
86
6
40
67
62
86
57
71
84
83
94
5
58
27
20
99
100
99
88
78
76
64
80
26
55
46
43
96
53
89
67
47
26
85
24
7
94
17
8
44
16
57
62
48
82
18
7
82
64
95
78
85
70
73
35
32
18
72
61
78
31
96
68
31
25
97
85
11
69
23
10
27
33
36
82
85
86
73
44
57
12
67
85
98
83
91
6
23
50
62
27
47
26
58
32
60
83
66
59
12
13
84
14
73
5
80
60
7
50
71
84
53
23
65
28
75
32
24
66
25
11
38
76
24
80
83
12
97
